/*--------------------------------*- C++ -*----------------------------------*\
  =========                 |
  \\      /  F ield         | OpenFOAM: The Open Source CFD Toolbox
   \\    /   O peration     | Website:  https://openfoam.org
    \\  /    A nd           | Version:  6
     \\/     M anipulation  |
\*---------------------------------------------------------------------------*/
FoamFile
{
    version     2.0;
    format      ascii;
    class       labelList;
    note        "nPoints: 14342 nCells: 7000 nFaces: 28170 nInternalFaces: 13830";
    location    "constant/polyMesh";
    object      neighbour;
}
// * * * * * * * * * * * * * * * * * * * * * * * * * * * * * * * * * * * * * //


13830
(
1
10
2
11
3
12
4
13
5
14
6
15
7
16
8
17
9
18
19
1000
11
20
12
21
13
22
14
23
15
24
16
25
17
26
18
27
19
28
29
1010
21
30
22
31
23
32
24
33
25
34
26
35
27
36
28
37
29
38
39
1020
31
40
32
41
33
42
34
43
35
44
36
45
37
46
38
47
39
48
49
1030
41
50
42
51
43
52
44
53
45
54
46
55
47
56
48
57
49
58
59
1040
51
60
52
61
53
62
54
63
55
64
56
65
57
66
58
67
59
68
69
1050
61
70
62
71
63
72
64
73
65
74
66
75
67
76
68
77
69
78
79
1060
71
80
72
81
73
82
74
83
75
84
76
85
77
86
78
87
79
88
89
1070
81
90
82
91
83
92
84
93
85
94
86
95
87
96
88
97
89
98
99
1080
91
100
92
101
93
102
94
103
95
104
96
105
97
106
98
107
99
108
109
1090
101
110
102
111
103
112
104
113
105
114
106
115
107
116
108
117
109
118
119
1100
111
120
112
121
113
122
114
123
115
124
116
125
117
126
118
127
119
128
129
1110
121
130
122
131
123
132
124
133
125
134
126
135
127
136
128
137
129
138
139
1120
131
140
132
141
133
142
134
143
135
144
136
145
137
146
138
147
139
148
149
1130
141
150
142
151
143
152
144
153
145
154
146
155
147
156
148
157
149
158
159
1140
151
160
152
161
153
162
154
163
155
164
156
165
157
166
158
167
159
168
169
1150
161
170
162
171
163
172
164
173
165
174
166
175
167
176
168
177
169
178
179
1160
171
180
172
181
173
182
174
183
175
184
176
185
177
186
178
187
179
188
189
1170
181
190
182
191
183
192
184
193
185
194
186
195
187
196
188
197
189
198
199
1180
191
200
192
201
193
202
194
203
195
204
196
205
197
206
198
207
199
208
209
1190
201
210
202
211
203
212
204
213
205
214
206
215
207
216
208
217
209
218
219
1200
211
220
212
221
213
222
214
223
215
224
216
225
217
226
218
227
219
228
229
1210
221
230
222
231
223
232
224
233
225
234
226
235
227
236
228
237
229
238
239
1220
231
240
232
241
233
242
234
243
235
244
236
245
237
246
238
247
239
248
249
1230
241
250
242
251
243
252
244
253
245
254
246
255
247
256
248
257
249
258
259
1240
251
260
252
261
253
262
254
263
255
264
256
265
257
266
258
267
259
268
269
1250
261
270
262
271
263
272
264
273
265
274
266
275
267
276
268
277
269
278
279
1260
271
280
272
281
273
282
274
283
275
284
276
285
277
286
278
287
279
288
289
1270
281
290
282
291
283
292
284
293
285
294
286
295
287
296
288
297
289
298
299
1280
291
300
292
301
293
302
294
303
295
304
296
305
297
306
298
307
299
308
309
1290
301
310
302
311
303
312
304
313
305
314
306
315
307
316
308
317
309
318
319
1300
311
320
312
321
313
322
314
323
315
324
316
325
317
326
318
327
319
328
329
1310
321
330
322
331
323
332
324
333
325
334
326
335
327
336
328
337
329
338
339
1320
331
340
332
341
333
342
334
343
335
344
336
345
337
346
338
347
339
348
349
1330
341
350
342
351
343
352
344
353
345
354
346
355
347
356
348
357
349
358
359
1340
351
360
352
361
353
362
354
363
355
364
356
365
357
366
358
367
359
368
369
1350
361
370
362
371
363
372
364
373
365
374
366
375
367
376
368
377
369
378
379
1360
371
380
372
381
373
382
374
383
375
384
376
385
377
386
378
387
379
388
389
1370
381
390
382
391
383
392
384
393
385
394
386
395
387
396
388
397
389
398
399
1380
391
400
392
401
393
402
394
403
395
404
396
405
397
406
398
407
399
408
409
1390
401
410
402
411
403
412
404
413
405
414
406
415
407
416
408
417
409
418
419
1400
411
420
412
421
413
422
414
423
415
424
416
425
417
426
418
427
419
428
429
1410
421
430
422
431
423
432
424
433
425
434
426
435
427
436
428
437
429
438
439
1420
431
440
432
441
433
442
434
443
435
444
436
445
437
446
438
447
439
448
449
1430
441
450
442
451
443
452
444
453
445
454
446
455
447
456
448
457
449
458
459
1440
451
460
452
461
453
462
454
463
455
464
456
465
457
466
458
467
459
468
469
1450
461
470
462
471
463
472
464
473
465
474
466
475
467
476
468
477
469
478
479
1460
471
480
472
481
473
482
474
483
475
484
476
485
477
486
478
487
479
488
489
1470
481
490
482
491
483
492
484
493
485
494
486
495
487
496
488
497
489
498
499
1480
491
500
492
501
493
502
494
503
495
504
496
505
497
506
498
507
499
508
509
1490
501
510
502
511
503
512
504
513
505
514
506
515
507
516
508
517
509
518
519
1500
511
520
512
521
513
522
514
523
515
524
516
525
517
526
518
527
519
528
529
1510
521
530
522
531
523
532
524
533
525
534
526
535
527
536
528
537
529
538
539
1520
531
540
532
541
533
542
534
543
535
544
536
545
537
546
538
547
539
548
549
1530
541
550
542
551
543
552
544
553
545
554
546
555
547
556
548
557
549
558
559
1540
551
560
552
561
553
562
554
563
555
564
556
565
557
566
558
567
559
568
569
1550
561
570
562
571
563
572
564
573
565
574
566
575
567
576
568
577
569
578
579
1560
571
580
572
581
573
582
574
583
575
584
576
585
577
586
578
587
579
588
589
1570
581
590
582
591
583
592
584
593
585
594
586
595
587
596
588
597
589
598
599
1580
591
600
592
601
593
602
594
603
595
604
596
605
597
606
598
607
599
608
609
1590
601
610
602
611
603
612
604
613
605
614
606
615
607
616
608
617
609
618
619
1600
611
620
612
621
613
622
614
623
615
624
616
625
617
626
618
627
619
628
629
1610
621
630
622
631
623
632
624
633
625
634
626
635
627
636
628
637
629
638
639
1620
631
640
632
641
633
642
634
643
635
644
636
645
637
646
638
647
639
648
649
1630
641
650
642
651
643
652
644
653
645
654
646
655
647
656
648
657
649
658
659
1640
651
660
652
661
653
662
654
663
655
664
656
665
657
666
658
667
659
668
669
1650
661
670
662
671
663
672
664
673
665
674
666
675
667
676
668
677
669
678
679
1660
671
680
672
681
673
682
674
683
675
684
676
685
677
686
678
687
679
688
689
1670
681
690
682
691
683
692
684
693
685
694
686
695
687
696
688
697
689
698
699
1680
691
700
692
701
693
702
694
703
695
704
696
705
697
706
698
707
699
708
709
1690
701
710
702
711
703
712
704
713
705
714
706
715
707
716
708
717
709
718
719
1700
711
720
712
721
713
722
714
723
715
724
716
725
717
726
718
727
719
728
729
1710
721
730
722
731
723
732
724
733
725
734
726
735
727
736
728
737
729
738
739
1720
731
740
732
741
733
742
734
743
735
744
736
745
737
746
738
747
739
748
749
1730
741
750
742
751
743
752
744
753
745
754
746
755
747
756
748
757
749
758
759
1740
751
760
752
761
753
762
754
763
755
764
756
765
757
766
758
767
759
768
769
1750
761
770
762
771
763
772
764
773
765
774
766
775
767
776
768
777
769
778
779
1760
771
780
772
781
773
782
774
783
775
784
776
785
777
786
778
787
779
788
789
1770
781
790
782
791
783
792
784
793
785
794
786
795
787
796
788
797
789
798
799
1780
791
800
792
801
793
802
794
803
795
804
796
805
797
806
798
807
799
808
809
1790
801
810
802
811
803
812
804
813
805
814
806
815
807
816
808
817
809
818
819
1800
811
820
812
821
813
822
814
823
815
824
816
825
817
826
818
827
819
828
829
1810
821
830
822
831
823
832
824
833
825
834
826
835
827
836
828
837
829
838
839
1820
831
840
832
841
833
842
834
843
835
844
836
845
837
846
838
847
839
848
849
1830
841
850
842
851
843
852
844
853
845
854
846
855
847
856
848
857
849
858
859
1840
851
860
852
861
853
862
854
863
855
864
856
865
857
866
858
867
859
868
869
1850
861
870
862
871
863
872
864
873
865
874
866
875
867
876
868
877
869
878
879
1860
871
880
872
881
873
882
874
883
875
884
876
885
877
886
878
887
879
888
889
1870
881
890
882
891
883
892
884
893
885
894
886
895
887
896
888
897
889
898
899
1880
891
900
892
901
893
902
894
903
895
904
896
905
897
906
898
907
899
908
909
1890
901
910
902
911
903
912
904
913
905
914
906
915
907
916
908
917
909
918
919
1900
911
920
912
921
913
922
914
923
915
924
916
925
917
926
918
927
919
928
929
1910
921
930
922
931
923
932
924
933
925
934
926
935
927
936
928
937
929
938
939
1920
931
940
932
941
933
942
934
943
935
944
936
945
937
946
938
947
939
948
949
1930
941
950
942
951
943
952
944
953
945
954
946
955
947
956
948
957
949
958
959
1940
951
960
952
961
953
962
954
963
955
964
956
965
957
966
958
967
959
968
969
1950
961
970
962
971
963
972
964
973
965
974
966
975
967
976
968
977
969
978
979
1960
971
980
972
981
973
982
974
983
975
984
976
985
977
986
978
987
979
988
989
1970
981
990
982
991
983
992
984
993
985
994
986
995
987
996
988
997
989
998
999
1980
991
992
993
994
995
996
997
998
999
1990
1001
1010
1002
1011
1003
1012
1004
1013
1005
1014
1006
1015
1007
1016
1008
1017
1009
1018
1019
2000
1011
1020
1012
1021
1013
1022
1014
1023
1015
1024
1016
1025
1017
1026
1018
1027
1019
1028
1029
2030
1021
1030
1022
1031
1023
1032
1024
1033
1025
1034
1026
1035
1027
1036
1028
1037
1029
1038
1039
2060
1031
1040
1032
1041
1033
1042
1034
1043
1035
1044
1036
1045
1037
1046
1038
1047
1039
1048
1049
2090
1041
1050
1042
1051
1043
1052
1044
1053
1045
1054
1046
1055
1047
1056
1048
1057
1049
1058
1059
2120
1051
1060
1052
1061
1053
1062
1054
1063
1055
1064
1056
1065
1057
1066
1058
1067
1059
1068
1069
2150
1061
1070
1062
1071
1063
1072
1064
1073
1065
1074
1066
1075
1067
1076
1068
1077
1069
1078
1079
2180
1071
1080
1072
1081
1073
1082
1074
1083
1075
1084
1076
1085
1077
1086
1078
1087
1079
1088
1089
2210
1081
1090
1082
1091
1083
1092
1084
1093
1085
1094
1086
1095
1087
1096
1088
1097
1089
1098
1099
2240
1091
1100
1092
1101
1093
1102
1094
1103
1095
1104
1096
1105
1097
1106
1098
1107
1099
1108
1109
2270
1101
1110
1102
1111
1103
1112
1104
1113
1105
1114
1106
1115
1107
1116
1108
1117
1109
1118
1119
2300
1111
1120
1112
1121
1113
1122
1114
1123
1115
1124
1116
1125
1117
1126
1118
1127
1119
1128
1129
2330
1121
1130
1122
1131
1123
1132
1124
1133
1125
1134
1126
1135
1127
1136
1128
1137
1129
1138
1139
2360
1131
1140
1132
1141
1133
1142
1134
1143
1135
1144
1136
1145
1137
1146
1138
1147
1139
1148
1149
2390
1141
1150
1142
1151
1143
1152
1144
1153
1145
1154
1146
1155
1147
1156
1148
1157
1149
1158
1159
2420
1151
1160
1152
1161
1153
1162
1154
1163
1155
1164
1156
1165
1157
1166
1158
1167
1159
1168
1169
2450
1161
1170
1162
1171
1163
1172
1164
1173
1165
1174
1166
1175
1167
1176
1168
1177
1169
1178
1179
2480
1171
1180
1172
1181
1173
1182
1174
1183
1175
1184
1176
1185
1177
1186
1178
1187
1179
1188
1189
2510
1181
1190
1182
1191
1183
1192
1184
1193
1185
1194
1186
1195
1187
1196
1188
1197
1189
1198
1199
2540
1191
1200
1192
1201
1193
1202
1194
1203
1195
1204
1196
1205
1197
1206
1198
1207
1199
1208
1209
2570
1201
1210
1202
1211
1203
1212
1204
1213
1205
1214
1206
1215
1207
1216
1208
1217
1209
1218
1219
2600
1211
1220
1212
1221
1213
1222
1214
1223
1215
1224
1216
1225
1217
1226
1218
1227
1219
1228
1229
2630
1221
1230
1222
1231
1223
1232
1224
1233
1225
1234
1226
1235
1227
1236
1228
1237
1229
1238
1239
2660
1231
1240
1232
1241
1233
1242
1234
1243
1235
1244
1236
1245
1237
1246
1238
1247
1239
1248
1249
2690
1241
1250
1242
1251
1243
1252
1244
1253
1245
1254
1246
1255
1247
1256
1248
1257
1249
1258
1259
2720
1251
1260
1252
1261
1253
1262
1254
1263
1255
1264
1256
1265
1257
1266
1258
1267
1259
1268
1269
2750
1261
1270
1262
1271
1263
1272
1264
1273
1265
1274
1266
1275
1267
1276
1268
1277
1269
1278
1279
2780
1271
1280
1272
1281
1273
1282
1274
1283
1275
1284
1276
1285
1277
1286
1278
1287
1279
1288
1289
2810
1281
1290
1282
1291
1283
1292
1284
1293
1285
1294
1286
1295
1287
1296
1288
1297
1289
1298
1299
2840
1291
1300
1292
1301
1293
1302
1294
1303
1295
1304
1296
1305
1297
1306
1298
1307
1299
1308
1309
2870
1301
1310
1302
1311
1303
1312
1304
1313
1305
1314
1306
1315
1307
1316
1308
1317
1309
1318
1319
2900
1311
1320
1312
1321
1313
1322
1314
1323
1315
1324
1316
1325
1317
1326
1318
1327
1319
1328
1329
2930
1321
1330
1322
1331
1323
1332
1324
1333
1325
1334
1326
1335
1327
1336
1328
1337
1329
1338
1339
2960
1331
1340
1332
1341
1333
1342
1334
1343
1335
1344
1336
1345
1337
1346
1338
1347
1339
1348
1349
2990
1341
1350
1342
1351
1343
1352
1344
1353
1345
1354
1346
1355
1347
1356
1348
1357
1349
1358
1359
3020
1351
1360
1352
1361
1353
1362
1354
1363
1355
1364
1356
1365
1357
1366
1358
1367
1359
1368
1369
3050
1361
1370
1362
1371
1363
1372
1364
1373
1365
1374
1366
1375
1367
1376
1368
1377
1369
1378
1379
3080
1371
1380
1372
1381
1373
1382
1374
1383
1375
1384
1376
1385
1377
1386
1378
1387
1379
1388
1389
3110
1381
1390
1382
1391
1383
1392
1384
1393
1385
1394
1386
1395
1387
1396
1388
1397
1389
1398
1399
3140
1391
1400
1392
1401
1393
1402
1394
1403
1395
1404
1396
1405
1397
1406
1398
1407
1399
1408
1409
3170
1401
1410
1402
1411
1403
1412
1404
1413
1405
1414
1406
1415
1407
1416
1408
1417
1409
1418
1419
3200
1411
1420
1412
1421
1413
1422
1414
1423
1415
1424
1416
1425
1417
1426
1418
1427
1419
1428
1429
3230
1421
1430
1422
1431
1423
1432
1424
1433
1425
1434
1426
1435
1427
1436
1428
1437
1429
1438
1439
3260
1431
1440
1432
1441
1433
1442
1434
1443
1435
1444
1436
1445
1437
1446
1438
1447
1439
1448
1449
3290
1441
1450
1442
1451
1443
1452
1444
1453
1445
1454
1446
1455
1447
1456
1448
1457
1449
1458
1459
3320
1451
1460
1452
1461
1453
1462
1454
1463
1455
1464
1456
1465
1457
1466
1458
1467
1459
1468
1469
3350
1461
1470
1462
1471
1463
1472
1464
1473
1465
1474
1466
1475
1467
1476
1468
1477
1469
1478
1479
3380
1471
1480
1472
1481
1473
1482
1474
1483
1475
1484
1476
1485
1477
1486
1478
1487
1479
1488
1489
3410
1481
1490
1482
1491
1483
1492
1484
1493
1485
1494
1486
1495
1487
1496
1488
1497
1489
1498
1499
3440
1491
1500
1492
1501
1493
1502
1494
1503
1495
1504
1496
1505
1497
1506
1498
1507
1499
1508
1509
3470
1501
1510
1502
1511
1503
1512
1504
1513
1505
1514
1506
1515
1507
1516
1508
1517
1509
1518
1519
3500
1511
1520
1512
1521
1513
1522
1514
1523
1515
1524
1516
1525
1517
1526
1518
1527
1519
1528
1529
3530
1521
1530
1522
1531
1523
1532
1524
1533
1525
1534
1526
1535
1527
1536
1528
1537
1529
1538
1539
3560
1531
1540
1532
1541
1533
1542
1534
1543
1535
1544
1536
1545
1537
1546
1538
1547
1539
1548
1549
3590
1541
1550
1542
1551
1543
1552
1544
1553
1545
1554
1546
1555
1547
1556
1548
1557
1549
1558
1559
3620
1551
1560
1552
1561
1553
1562
1554
1563
1555
1564
1556
1565
1557
1566
1558
1567
1559
1568
1569
3650
1561
1570
1562
1571
1563
1572
1564
1573
1565
1574
1566
1575
1567
1576
1568
1577
1569
1578
1579
3680
1571
1580
1572
1581
1573
1582
1574
1583
1575
1584
1576
1585
1577
1586
1578
1587
1579
1588
1589
3710
1581
1590
1582
1591
1583
1592
1584
1593
1585
1594
1586
1595
1587
1596
1588
1597
1589
1598
1599
3740
1591
1600
1592
1601
1593
1602
1594
1603
1595
1604
1596
1605
1597
1606
1598
1607
1599
1608
1609
3770
1601
1610
1602
1611
1603
1612
1604
1613
1605
1614
1606
1615
1607
1616
1608
1617
1609
1618
1619
3800
1611
1620
1612
1621
1613
1622
1614
1623
1615
1624
1616
1625
1617
1626
1618
1627
1619
1628
1629
3830
1621
1630
1622
1631
1623
1632
1624
1633
1625
1634
1626
1635
1627
1636
1628
1637
1629
1638
1639
3860
1631
1640
1632
1641
1633
1642
1634
1643
1635
1644
1636
1645
1637
1646
1638
1647
1639
1648
1649
3890
1641
1650
1642
1651
1643
1652
1644
1653
1645
1654
1646
1655
1647
1656
1648
1657
1649
1658
1659
3920
1651
1660
1652
1661
1653
1662
1654
1663
1655
1664
1656
1665
1657
1666
1658
1667
1659
1668
1669
3950
1661
1670
1662
1671
1663
1672
1664
1673
1665
1674
1666
1675
1667
1676
1668
1677
1669
1678
1679
3980
1671
1680
1672
1681
1673
1682
1674
1683
1675
1684
1676
1685
1677
1686
1678
1687
1679
1688
1689
4010
1681
1690
1682
1691
1683
1692
1684
1693
1685
1694
1686
1695
1687
1696
1688
1697
1689
1698
1699
4040
1691
1700
1692
1701
1693
1702
1694
1703
1695
1704
1696
1705
1697
1706
1698
1707
1699
1708
1709
4070
1701
1710
1702
1711
1703
1712
1704
1713
1705
1714
1706
1715
1707
1716
1708
1717
1709
1718
1719
4100
1711
1720
1712
1721
1713
1722
1714
1723
1715
1724
1716
1725
1717
1726
1718
1727
1719
1728
1729
4130
1721
1730
1722
1731
1723
1732
1724
1733
1725
1734
1726
1735
1727
1736
1728
1737
1729
1738
1739
4160
1731
1740
1732
1741
1733
1742
1734
1743
1735
1744
1736
1745
1737
1746
1738
1747
1739
1748
1749
4190
1741
1750
1742
1751
1743
1752
1744
1753
1745
1754
1746
1755
1747
1756
1748
1757
1749
1758
1759
4220
1751
1760
1752
1761
1753
1762
1754
1763
1755
1764
1756
1765
1757
1766
1758
1767
1759
1768
1769
4250
1761
1770
1762
1771
1763
1772
1764
1773
1765
1774
1766
1775
1767
1776
1768
1777
1769
1778
1779
4280
1771
1780
1772
1781
1773
1782
1774
1783
1775
1784
1776
1785
1777
1786
1778
1787
1779
1788
1789
4310
1781
1790
1782
1791
1783
1792
1784
1793
1785
1794
1786
1795
1787
1796
1788
1797
1789
1798
1799
4340
1791
1800
1792
1801
1793
1802
1794
1803
1795
1804
1796
1805
1797
1806
1798
1807
1799
1808
1809
4370
1801
1810
1802
1811
1803
1812
1804
1813
1805
1814
1806
1815
1807
1816
1808
1817
1809
1818
1819
4400
1811
1820
1812
1821
1813
1822
1814
1823
1815
1824
1816
1825
1817
1826
1818
1827
1819
1828
1829
4430
1821
1830
1822
1831
1823
1832
1824
1833
1825
1834
1826
1835
1827
1836
1828
1837
1829
1838
1839
4460
1831
1840
1832
1841
1833
1842
1834
1843
1835
1844
1836
1845
1837
1846
1838
1847
1839
1848
1849
4490
1841
1850
1842
1851
1843
1852
1844
1853
1845
1854
1846
1855
1847
1856
1848
1857
1849
1858
1859
4520
1851
1860
1852
1861
1853
1862
1854
1863
1855
1864
1856
1865
1857
1866
1858
1867
1859
1868
1869
4550
1861
1870
1862
1871
1863
1872
1864
1873
1865
1874
1866
1875
1867
1876
1868
1877
1869
1878
1879
4580
1871
1880
1872
1881
1873
1882
1874
1883
1875
1884
1876
1885
1877
1886
1878
1887
1879
1888
1889
4610
1881
1890
1882
1891
1883
1892
1884
1893
1885
1894
1886
1895
1887
1896
1888
1897
1889
1898
1899
4640
1891
1900
1892
1901
1893
1902
1894
1903
1895
1904
1896
1905
1897
1906
1898
1907
1899
1908
1909
4670
1901
1910
1902
1911
1903
1912
1904
1913
1905
1914
1906
1915
1907
1916
1908
1917
1909
1918
1919
4700
1911
1920
1912
1921
1913
1922
1914
1923
1915
1924
1916
1925
1917
1926
1918
1927
1919
1928
1929
4730
1921
1930
1922
1931
1923
1932
1924
1933
1925
1934
1926
1935
1927
1936
1928
1937
1929
1938
1939
4760
1931
1940
1932
1941
1933
1942
1934
1943
1935
1944
1936
1945
1937
1946
1938
1947
1939
1948
1949
4790
1941
1950
1942
1951
1943
1952
1944
1953
1945
1954
1946
1955
1947
1956
1948
1957
1949
1958
1959
4820
1951
1960
1952
1961
1953
1962
1954
1963
1955
1964
1956
1965
1957
1966
1958
1967
1959
1968
1969
4850
1961
1970
1962
1971
1963
1972
1964
1973
1965
1974
1966
1975
1967
1976
1968
1977
1969
1978
1979
4880
1971
1980
1972
1981
1973
1982
1974
1983
1975
1984
1976
1985
1977
1986
1978
1987
1979
1988
1989
4910
1981
1990
1982
1991
1983
1992
1984
1993
1985
1994
1986
1995
1987
1996
1988
1997
1989
1998
1999
4940
1991
1992
1993
1994
1995
1996
1997
1998
1999
4970
2001
2030
2002
2031
2003
2032
2004
2033
2005
2034
2006
2035
2007
2036
2008
2037
2009
2038
2010
2039
2011
2040
2012
2041
2013
2042
2014
2043
2015
2044
2016
2045
2017
2046
2018
2047
2019
2048
2020
2049
2021
2050
2022
2051
2023
2052
2024
2053
2025
2054
2026
2055
2027
2056
2028
2057
2029
2058
2059
5000
2031
2060
2032
2061
2033
2062
2034
2063
2035
2064
2036
2065
2037
2066
2038
2067
2039
2068
2040
2069
2041
2070
2042
2071
2043
2072
2044
2073
2045
2074
2046
2075
2047
2076
2048
2077
2049
2078
2050
2079
2051
2080
2052
2081
2053
2082
2054
2083
2055
2084
2056
2085
2057
2086
2058
2087
2059
2088
2089
5010
2061
2090
2062
2091
2063
2092
2064
2093
2065
2094
2066
2095
2067
2096
2068
2097
2069
2098
2070
2099
2071
2100
2072
2101
2073
2102
2074
2103
2075
2104
2076
2105
2077
2106
2078
2107
2079
2108
2080
2109
2081
2110
2082
2111
2083
2112
2084
2113
2085
2114
2086
2115
2087
2116
2088
2117
2089
2118
2119
5020
2091
2120
2092
2121
2093
2122
2094
2123
2095
2124
2096
2125
2097
2126
2098
2127
2099
2128
2100
2129
2101
2130
2102
2131
2103
2132
2104
2133
2105
2134
2106
2135
2107
2136
2108
2137
2109
2138
2110
2139
2111
2140
2112
2141
2113
2142
2114
2143
2115
2144
2116
2145
2117
2146
2118
2147
2119
2148
2149
5030
2121
2150
2122
2151
2123
2152
2124
2153
2125
2154
2126
2155
2127
2156
2128
2157
2129
2158
2130
2159
2131
2160
2132
2161
2133
2162
2134
2163
2135
2164
2136
2165
2137
2166
2138
2167
2139
2168
2140
2169
2141
2170
2142
2171
2143
2172
2144
2173
2145
2174
2146
2175
2147
2176
2148
2177
2149
2178
2179
5040
2151
2180
2152
2181
2153
2182
2154
2183
2155
2184
2156
2185
2157
2186
2158
2187
2159
2188
2160
2189
2161
2190
2162
2191
2163
2192
2164
2193
2165
2194
2166
2195
2167
2196
2168
2197
2169
2198
2170
2199
2171
2200
2172
2201
2173
2202
2174
2203
2175
2204
2176
2205
2177
2206
2178
2207
2179
2208
2209
5050
2181
2210
2182
2211
2183
2212
2184
2213
2185
2214
2186
2215
2187
2216
2188
2217
2189
2218
2190
2219
2191
2220
2192
2221
2193
2222
2194
2223
2195
2224
2196
2225
2197
2226
2198
2227
2199
2228
2200
2229
2201
2230
2202
2231
2203
2232
2204
2233
2205
2234
2206
2235
2207
2236
2208
2237
2209
2238
2239
5060
2211
2240
2212
2241
2213
2242
2214
2243
2215
2244
2216
2245
2217
2246
2218
2247
2219
2248
2220
2249
2221
2250
2222
2251
2223
2252
2224
2253
2225
2254
2226
2255
2227
2256
2228
2257
2229
2258
2230
2259
2231
2260
2232
2261
2233
2262
2234
2263
2235
2264
2236
2265
2237
2266
2238
2267
2239
2268
2269
5070
2241
2270
2242
2271
2243
2272
2244
2273
2245
2274
2246
2275
2247
2276
2248
2277
2249
2278
2250
2279
2251
2280
2252
2281
2253
2282
2254
2283
2255
2284
2256
2285
2257
2286
2258
2287
2259
2288
2260
2289
2261
2290
2262
2291
2263
2292
2264
2293
2265
2294
2266
2295
2267
2296
2268
2297
2269
2298
2299
5080
2271
2300
2272
2301
2273
2302
2274
2303
2275
2304
2276
2305
2277
2306
2278
2307
2279
2308
2280
2309
2281
2310
2282
2311
2283
2312
2284
2313
2285
2314
2286
2315
2287
2316
2288
2317
2289
2318
2290
2319
2291
2320
2292
2321
2293
2322
2294
2323
2295
2324
2296
2325
2297
2326
2298
2327
2299
2328
2329
5090
2301
2330
2302
2331
2303
2332
2304
2333
2305
2334
2306
2335
2307
2336
2308
2337
2309
2338
2310
2339
2311
2340
2312
2341
2313
2342
2314
2343
2315
2344
2316
2345
2317
2346
2318
2347
2319
2348
2320
2349
2321
2350
2322
2351
2323
2352
2324
2353
2325
2354
2326
2355
2327
2356
2328
2357
2329
2358
2359
5100
2331
2360
2332
2361
2333
2362
2334
2363
2335
2364
2336
2365
2337
2366
2338
2367
2339
2368
2340
2369
2341
2370
2342
2371
2343
2372
2344
2373
2345
2374
2346
2375
2347
2376
2348
2377
2349
2378
2350
2379
2351
2380
2352
2381
2353
2382
2354
2383
2355
2384
2356
2385
2357
2386
2358
2387
2359
2388
2389
5110
2361
2390
2362
2391
2363
2392
2364
2393
2365
2394
2366
2395
2367
2396
2368
2397
2369
2398
2370
2399
2371
2400
2372
2401
2373
2402
2374
2403
2375
2404
2376
2405
2377
2406
2378
2407
2379
2408
2380
2409
2381
2410
2382
2411
2383
2412
2384
2413
2385
2414
2386
2415
2387
2416
2388
2417
2389
2418
2419
5120
2391
2420
2392
2421
2393
2422
2394
2423
2395
2424
2396
2425
2397
2426
2398
2427
2399
2428
2400
2429
2401
2430
2402
2431
2403
2432
2404
2433
2405
2434
2406
2435
2407
2436
2408
2437
2409
2438
2410
2439
2411
2440
2412
2441
2413
2442
2414
2443
2415
2444
2416
2445
2417
2446
2418
2447
2419
2448
2449
5130
2421
2450
2422
2451
2423
2452
2424
2453
2425
2454
2426
2455
2427
2456
2428
2457
2429
2458
2430
2459
2431
2460
2432
2461
2433
2462
2434
2463
2435
2464
2436
2465
2437
2466
2438
2467
2439
2468
2440
2469
2441
2470
2442
2471
2443
2472
2444
2473
2445
2474
2446
2475
2447
2476
2448
2477
2449
2478
2479
5140
2451
2480
2452
2481
2453
2482
2454
2483
2455
2484
2456
2485
2457
2486
2458
2487
2459
2488
2460
2489
2461
2490
2462
2491
2463
2492
2464
2493
2465
2494
2466
2495
2467
2496
2468
2497
2469
2498
2470
2499
2471
2500
2472
2501
2473
2502
2474
2503
2475
2504
2476
2505
2477
2506
2478
2507
2479
2508
2509
5150
2481
2510
2482
2511
2483
2512
2484
2513
2485
2514
2486
2515
2487
2516
2488
2517
2489
2518
2490
2519
2491
2520
2492
2521
2493
2522
2494
2523
2495
2524
2496
2525
2497
2526
2498
2527
2499
2528
2500
2529
2501
2530
2502
2531
2503
2532
2504
2533
2505
2534
2506
2535
2507
2536
2508
2537
2509
2538
2539
5160
2511
2540
2512
2541
2513
2542
2514
2543
2515
2544
2516
2545
2517
2546
2518
2547
2519
2548
2520
2549
2521
2550
2522
2551
2523
2552
2524
2553
2525
2554
2526
2555
2527
2556
2528
2557
2529
2558
2530
2559
2531
2560
2532
2561
2533
2562
2534
2563
2535
2564
2536
2565
2537
2566
2538
2567
2539
2568
2569
5170
2541
2570
2542
2571
2543
2572
2544
2573
2545
2574
2546
2575
2547
2576
2548
2577
2549
2578
2550
2579
2551
2580
2552
2581
2553
2582
2554
2583
2555
2584
2556
2585
2557
2586
2558
2587
2559
2588
2560
2589
2561
2590
2562
2591
2563
2592
2564
2593
2565
2594
2566
2595
2567
2596
2568
2597
2569
2598
2599
5180
2571
2600
2572
2601
2573
2602
2574
2603
2575
2604
2576
2605
2577
2606
2578
2607
2579
2608
2580
2609
2581
2610
2582
2611
2583
2612
2584
2613
2585
2614
2586
2615
2587
2616
2588
2617
2589
2618
2590
2619
2591
2620
2592
2621
2593
2622
2594
2623
2595
2624
2596
2625
2597
2626
2598
2627
2599
2628
2629
5190
2601
2630
2602
2631
2603
2632
2604
2633
2605
2634
2606
2635
2607
2636
2608
2637
2609
2638
2610
2639
2611
2640
2612
2641
2613
2642
2614
2643
2615
2644
2616
2645
2617
2646
2618
2647
2619
2648
2620
2649
2621
2650
2622
2651
2623
2652
2624
2653
2625
2654
2626
2655
2627
2656
2628
2657
2629
2658
2659
5200
2631
2660
2632
2661
2633
2662
2634
2663
2635
2664
2636
2665
2637
2666
2638
2667
2639
2668
2640
2669
2641
2670
2642
2671
2643
2672
2644
2673
2645
2674
2646
2675
2647
2676
2648
2677
2649
2678
2650
2679
2651
2680
2652
2681
2653
2682
2654
2683
2655
2684
2656
2685
2657
2686
2658
2687
2659
2688
2689
5210
2661
2690
2662
2691
2663
2692
2664
2693
2665
2694
2666
2695
2667
2696
2668
2697
2669
2698
2670
2699
2671
2700
2672
2701
2673
2702
2674
2703
2675
2704
2676
2705
2677
2706
2678
2707
2679
2708
2680
2709
2681
2710
2682
2711
2683
2712
2684
2713
2685
2714
2686
2715
2687
2716
2688
2717
2689
2718
2719
5220
2691
2720
2692
2721
2693
2722
2694
2723
2695
2724
2696
2725
2697
2726
2698
2727
2699
2728
2700
2729
2701
2730
2702
2731
2703
2732
2704
2733
2705
2734
2706
2735
2707
2736
2708
2737
2709
2738
2710
2739
2711
2740
2712
2741
2713
2742
2714
2743
2715
2744
2716
2745
2717
2746
2718
2747
2719
2748
2749
5230
2721
2750
2722
2751
2723
2752
2724
2753
2725
2754
2726
2755
2727
2756
2728
2757
2729
2758
2730
2759
2731
2760
2732
2761
2733
2762
2734
2763
2735
2764
2736
2765
2737
2766
2738
2767
2739
2768
2740
2769
2741
2770
2742
2771
2743
2772
2744
2773
2745
2774
2746
2775
2747
2776
2748
2777
2749
2778
2779
5240
2751
2780
2752
2781
2753
2782
2754
2783
2755
2784
2756
2785
2757
2786
2758
2787
2759
2788
2760
2789
2761
2790
2762
2791
2763
2792
2764
2793
2765
2794
2766
2795
2767
2796
2768
2797
2769
2798
2770
2799
2771
2800
2772
2801
2773
2802
2774
2803
2775
2804
2776
2805
2777
2806
2778
2807
2779
2808
2809
5250
2781
2810
2782
2811
2783
2812
2784
2813
2785
2814
2786
2815
2787
2816
2788
2817
2789
2818
2790
2819
2791
2820
2792
2821
2793
2822
2794
2823
2795
2824
2796
2825
2797
2826
2798
2827
2799
2828
2800
2829
2801
2830
2802
2831
2803
2832
2804
2833
2805
2834
2806
2835
2807
2836
2808
2837
2809
2838
2839
5260
2811
2840
2812
2841
2813
2842
2814
2843
2815
2844
2816
2845
2817
2846
2818
2847
2819
2848
2820
2849
2821
2850
2822
2851
2823
2852
2824
2853
2825
2854
2826
2855
2827
2856
2828
2857
2829
2858
2830
2859
2831
2860
2832
2861
2833
2862
2834
2863
2835
2864
2836
2865
2837
2866
2838
2867
2839
2868
2869
5270
2841
2870
2842
2871
2843
2872
2844
2873
2845
2874
2846
2875
2847
2876
2848
2877
2849
2878
2850
2879
2851
2880
2852
2881
2853
2882
2854
2883
2855
2884
2856
2885
2857
2886
2858
2887
2859
2888
2860
2889
2861
2890
2862
2891
2863
2892
2864
2893
2865
2894
2866
2895
2867
2896
2868
2897
2869
2898
2899
5280
2871
2900
2872
2901
2873
2902
2874
2903
2875
2904
2876
2905
2877
2906
2878
2907
2879
2908
2880
2909
2881
2910
2882
2911
2883
2912
2884
2913
2885
2914
2886
2915
2887
2916
2888
2917
2889
2918
2890
2919
2891
2920
2892
2921
2893
2922
2894
2923
2895
2924
2896
2925
2897
2926
2898
2927
2899
2928
2929
5290
2901
2930
2902
2931
2903
2932
2904
2933
2905
2934
2906
2935
2907
2936
2908
2937
2909
2938
2910
2939
2911
2940
2912
2941
2913
2942
2914
2943
2915
2944
2916
2945
2917
2946
2918
2947
2919
2948
2920
2949
2921
2950
2922
2951
2923
2952
2924
2953
2925
2954
2926
2955
2927
2956
2928
2957
2929
2958
2959
5300
2931
2960
2932
2961
2933
2962
2934
2963
2935
2964
2936
2965
2937
2966
2938
2967
2939
2968
2940
2969
2941
2970
2942
2971
2943
2972
2944
2973
2945
2974
2946
2975
2947
2976
2948
2977
2949
2978
2950
2979
2951
2980
2952
2981
2953
2982
2954
2983
2955
2984
2956
2985
2957
2986
2958
2987
2959
2988
2989
5310
2961
2990
2962
2991
2963
2992
2964
2993
2965
2994
2966
2995
2967
2996
2968
2997
2969
2998
2970
2999
2971
3000
2972
3001
2973
3002
2974
3003
2975
3004
2976
3005
2977
3006
2978
3007
2979
3008
2980
3009
2981
3010
2982
3011
2983
3012
2984
3013
2985
3014
2986
3015
2987
3016
2988
3017
2989
3018
3019
5320
2991
3020
2992
3021
2993
3022
2994
3023
2995
3024
2996
3025
2997
3026
2998
3027
2999
3028
3000
3029
3001
3030
3002
3031
3003
3032
3004
3033
3005
3034
3006
3035
3007
3036
3008
3037
3009
3038
3010
3039
3011
3040
3012
3041
3013
3042
3014
3043
3015
3044
3016
3045
3017
3046
3018
3047
3019
3048
3049
5330
3021
3050
3022
3051
3023
3052
3024
3053
3025
3054
3026
3055
3027
3056
3028
3057
3029
3058
3030
3059
3031
3060
3032
3061
3033
3062
3034
3063
3035
3064
3036
3065
3037
3066
3038
3067
3039
3068
3040
3069
3041
3070
3042
3071
3043
3072
3044
3073
3045
3074
3046
3075
3047
3076
3048
3077
3049
3078
3079
5340
3051
3080
3052
3081
3053
3082
3054
3083
3055
3084
3056
3085
3057
3086
3058
3087
3059
3088
3060
3089
3061
3090
3062
3091
3063
3092
3064
3093
3065
3094
3066
3095
3067
3096
3068
3097
3069
3098
3070
3099
3071
3100
3072
3101
3073
3102
3074
3103
3075
3104
3076
3105
3077
3106
3078
3107
3079
3108
3109
5350
3081
3110
3082
3111
3083
3112
3084
3113
3085
3114
3086
3115
3087
3116
3088
3117
3089
3118
3090
3119
3091
3120
3092
3121
3093
3122
3094
3123
3095
3124
3096
3125
3097
3126
3098
3127
3099
3128
3100
3129
3101
3130
3102
3131
3103
3132
3104
3133
3105
3134
3106
3135
3107
3136
3108
3137
3109
3138
3139
5360
3111
3140
3112
3141
3113
3142
3114
3143
3115
3144
3116
3145
3117
3146
3118
3147
3119
3148
3120
3149
3121
3150
3122
3151
3123
3152
3124
3153
3125
3154
3126
3155
3127
3156
3128
3157
3129
3158
3130
3159
3131
3160
3132
3161
3133
3162
3134
3163
3135
3164
3136
3165
3137
3166
3138
3167
3139
3168
3169
5370
3141
3170
3142
3171
3143
3172
3144
3173
3145
3174
3146
3175
3147
3176
3148
3177
3149
3178
3150
3179
3151
3180
3152
3181
3153
3182
3154
3183
3155
3184
3156
3185
3157
3186
3158
3187
3159
3188
3160
3189
3161
3190
3162
3191
3163
3192
3164
3193
3165
3194
3166
3195
3167
3196
3168
3197
3169
3198
3199
5380
3171
3200
3172
3201
3173
3202
3174
3203
3175
3204
3176
3205
3177
3206
3178
3207
3179
3208
3180
3209
3181
3210
3182
3211
3183
3212
3184
3213
3185
3214
3186
3215
3187
3216
3188
3217
3189
3218
3190
3219
3191
3220
3192
3221
3193
3222
3194
3223
3195
3224
3196
3225
3197
3226
3198
3227
3199
3228
3229
5390
3201
3230
3202
3231
3203
3232
3204
3233
3205
3234
3206
3235
3207
3236
3208
3237
3209
3238
3210
3239
3211
3240
3212
3241
3213
3242
3214
3243
3215
3244
3216
3245
3217
3246
3218
3247
3219
3248
3220
3249
3221
3250
3222
3251
3223
3252
3224
3253
3225
3254
3226
3255
3227
3256
3228
3257
3229
3258
3259
5400
3231
3260
3232
3261
3233
3262
3234
3263
3235
3264
3236
3265
3237
3266
3238
3267
3239
3268
3240
3269
3241
3270
3242
3271
3243
3272
3244
3273
3245
3274
3246
3275
3247
3276
3248
3277
3249
3278
3250
3279
3251
3280
3252
3281
3253
3282
3254
3283
3255
3284
3256
3285
3257
3286
3258
3287
3259
3288
3289
5410
3261
3290
3262
3291
3263
3292
3264
3293
3265
3294
3266
3295
3267
3296
3268
3297
3269
3298
3270
3299
3271
3300
3272
3301
3273
3302
3274
3303
3275
3304
3276
3305
3277
3306
3278
3307
3279
3308
3280
3309
3281
3310
3282
3311
3283
3312
3284
3313
3285
3314
3286
3315
3287
3316
3288
3317
3289
3318
3319
5420
3291
3320
3292
3321
3293
3322
3294
3323
3295
3324
3296
3325
3297
3326
3298
3327
3299
3328
3300
3329
3301
3330
3302
3331
3303
3332
3304
3333
3305
3334
3306
3335
3307
3336
3308
3337
3309
3338
3310
3339
3311
3340
3312
3341
3313
3342
3314
3343
3315
3344
3316
3345
3317
3346
3318
3347
3319
3348
3349
5430
3321
3350
3322
3351
3323
3352
3324
3353
3325
3354
3326
3355
3327
3356
3328
3357
3329
3358
3330
3359
3331
3360
3332
3361
3333
3362
3334
3363
3335
3364
3336
3365
3337
3366
3338
3367
3339
3368
3340
3369
3341
3370
3342
3371
3343
3372
3344
3373
3345
3374
3346
3375
3347
3376
3348
3377
3349
3378
3379
5440
3351
3380
3352
3381
3353
3382
3354
3383
3355
3384
3356
3385
3357
3386
3358
3387
3359
3388
3360
3389
3361
3390
3362
3391
3363
3392
3364
3393
3365
3394
3366
3395
3367
3396
3368
3397
3369
3398
3370
3399
3371
3400
3372
3401
3373
3402
3374
3403
3375
3404
3376
3405
3377
3406
3378
3407
3379
3408
3409
5450
3381
3410
3382
3411
3383
3412
3384
3413
3385
3414
3386
3415
3387
3416
3388
3417
3389
3418
3390
3419
3391
3420
3392
3421
3393
3422
3394
3423
3395
3424
3396
3425
3397
3426
3398
3427
3399
3428
3400
3429
3401
3430
3402
3431
3403
3432
3404
3433
3405
3434
3406
3435
3407
3436
3408
3437
3409
3438
3439
5460
3411
3440
3412
3441
3413
3442
3414
3443
3415
3444
3416
3445
3417
3446
3418
3447
3419
3448
3420
3449
3421
3450
3422
3451
3423
3452
3424
3453
3425
3454
3426
3455
3427
3456
3428
3457
3429
3458
3430
3459
3431
3460
3432
3461
3433
3462
3434
3463
3435
3464
3436
3465
3437
3466
3438
3467
3439
3468
3469
5470
3441
3470
3442
3471
3443
3472
3444
3473
3445
3474
3446
3475
3447
3476
3448
3477
3449
3478
3450
3479
3451
3480
3452
3481
3453
3482
3454
3483
3455
3484
3456
3485
3457
3486
3458
3487
3459
3488
3460
3489
3461
3490
3462
3491
3463
3492
3464
3493
3465
3494
3466
3495
3467
3496
3468
3497
3469
3498
3499
5480
3471
3500
3472
3501
3473
3502
3474
3503
3475
3504
3476
3505
3477
3506
3478
3507
3479
3508
3480
3509
3481
3510
3482
3511
3483
3512
3484
3513
3485
3514
3486
3515
3487
3516
3488
3517
3489
3518
3490
3519
3491
3520
3492
3521
3493
3522
3494
3523
3495
3524
3496
3525
3497
3526
3498
3527
3499
3528
3529
5490
3501
3530
3502
3531
3503
3532
3504
3533
3505
3534
3506
3535
3507
3536
3508
3537
3509
3538
3510
3539
3511
3540
3512
3541
3513
3542
3514
3543
3515
3544
3516
3545
3517
3546
3518
3547
3519
3548
3520
3549
3521
3550
3522
3551
3523
3552
3524
3553
3525
3554
3526
3555
3527
3556
3528
3557
3529
3558
3559
5500
3531
3560
3532
3561
3533
3562
3534
3563
3535
3564
3536
3565
3537
3566
3538
3567
3539
3568
3540
3569
3541
3570
3542
3571
3543
3572
3544
3573
3545
3574
3546
3575
3547
3576
3548
3577
3549
3578
3550
3579
3551
3580
3552
3581
3553
3582
3554
3583
3555
3584
3556
3585
3557
3586
3558
3587
3559
3588
3589
5510
3561
3590
3562
3591
3563
3592
3564
3593
3565
3594
3566
3595
3567
3596
3568
3597
3569
3598
3570
3599
3571
3600
3572
3601
3573
3602
3574
3603
3575
3604
3576
3605
3577
3606
3578
3607
3579
3608
3580
3609
3581
3610
3582
3611
3583
3612
3584
3613
3585
3614
3586
3615
3587
3616
3588
3617
3589
3618
3619
5520
3591
3620
3592
3621
3593
3622
3594
3623
3595
3624
3596
3625
3597
3626
3598
3627
3599
3628
3600
3629
3601
3630
3602
3631
3603
3632
3604
3633
3605
3634
3606
3635
3607
3636
3608
3637
3609
3638
3610
3639
3611
3640
3612
3641
3613
3642
3614
3643
3615
3644
3616
3645
3617
3646
3618
3647
3619
3648
3649
5530
3621
3650
3622
3651
3623
3652
3624
3653
3625
3654
3626
3655
3627
3656
3628
3657
3629
3658
3630
3659
3631
3660
3632
3661
3633
3662
3634
3663
3635
3664
3636
3665
3637
3666
3638
3667
3639
3668
3640
3669
3641
3670
3642
3671
3643
3672
3644
3673
3645
3674
3646
3675
3647
3676
3648
3677
3649
3678
3679
5540
3651
3680
3652
3681
3653
3682
3654
3683
3655
3684
3656
3685
3657
3686
3658
3687
3659
3688
3660
3689
3661
3690
3662
3691
3663
3692
3664
3693
3665
3694
3666
3695
3667
3696
3668
3697
3669
3698
3670
3699
3671
3700
3672
3701
3673
3702
3674
3703
3675
3704
3676
3705
3677
3706
3678
3707
3679
3708
3709
5550
3681
3710
3682
3711
3683
3712
3684
3713
3685
3714
3686
3715
3687
3716
3688
3717
3689
3718
3690
3719
3691
3720
3692
3721
3693
3722
3694
3723
3695
3724
3696
3725
3697
3726
3698
3727
3699
3728
3700
3729
3701
3730
3702
3731
3703
3732
3704
3733
3705
3734
3706
3735
3707
3736
3708
3737
3709
3738
3739
5560
3711
3740
3712
3741
3713
3742
3714
3743
3715
3744
3716
3745
3717
3746
3718
3747
3719
3748
3720
3749
3721
3750
3722
3751
3723
3752
3724
3753
3725
3754
3726
3755
3727
3756
3728
3757
3729
3758
3730
3759
3731
3760
3732
3761
3733
3762
3734
3763
3735
3764
3736
3765
3737
3766
3738
3767
3739
3768
3769
5570
3741
3770
3742
3771
3743
3772
3744
3773
3745
3774
3746
3775
3747
3776
3748
3777
3749
3778
3750
3779
3751
3780
3752
3781
3753
3782
3754
3783
3755
3784
3756
3785
3757
3786
3758
3787
3759
3788
3760
3789
3761
3790
3762
3791
3763
3792
3764
3793
3765
3794
3766
3795
3767
3796
3768
3797
3769
3798
3799
5580
3771
3800
3772
3801
3773
3802
3774
3803
3775
3804
3776
3805
3777
3806
3778
3807
3779
3808
3780
3809
3781
3810
3782
3811
3783
3812
3784
3813
3785
3814
3786
3815
3787
3816
3788
3817
3789
3818
3790
3819
3791
3820
3792
3821
3793
3822
3794
3823
3795
3824
3796
3825
3797
3826
3798
3827
3799
3828
3829
5590
3801
3830
3802
3831
3803
3832
3804
3833
3805
3834
3806
3835
3807
3836
3808
3837
3809
3838
3810
3839
3811
3840
3812
3841
3813
3842
3814
3843
3815
3844
3816
3845
3817
3846
3818
3847
3819
3848
3820
3849
3821
3850
3822
3851
3823
3852
3824
3853
3825
3854
3826
3855
3827
3856
3828
3857
3829
3858
3859
5600
3831
3860
3832
3861
3833
3862
3834
3863
3835
3864
3836
3865
3837
3866
3838
3867
3839
3868
3840
3869
3841
3870
3842
3871
3843
3872
3844
3873
3845
3874
3846
3875
3847
3876
3848
3877
3849
3878
3850
3879
3851
3880
3852
3881
3853
3882
3854
3883
3855
3884
3856
3885
3857
3886
3858
3887
3859
3888
3889
5610
3861
3890
3862
3891
3863
3892
3864
3893
3865
3894
3866
3895
3867
3896
3868
3897
3869
3898
3870
3899
3871
3900
3872
3901
3873
3902
3874
3903
3875
3904
3876
3905
3877
3906
3878
3907
3879
3908
3880
3909
3881
3910
3882
3911
3883
3912
3884
3913
3885
3914
3886
3915
3887
3916
3888
3917
3889
3918
3919
5620
3891
3920
3892
3921
3893
3922
3894
3923
3895
3924
3896
3925
3897
3926
3898
3927
3899
3928
3900
3929
3901
3930
3902
3931
3903
3932
3904
3933
3905
3934
3906
3935
3907
3936
3908
3937
3909
3938
3910
3939
3911
3940
3912
3941
3913
3942
3914
3943
3915
3944
3916
3945
3917
3946
3918
3947
3919
3948
3949
5630
3921
3950
3922
3951
3923
3952
3924
3953
3925
3954
3926
3955
3927
3956
3928
3957
3929
3958
3930
3959
3931
3960
3932
3961
3933
3962
3934
3963
3935
3964
3936
3965
3937
3966
3938
3967
3939
3968
3940
3969
3941
3970
3942
3971
3943
3972
3944
3973
3945
3974
3946
3975
3947
3976
3948
3977
3949
3978
3979
5640
3951
3980
3952
3981
3953
3982
3954
3983
3955
3984
3956
3985
3957
3986
3958
3987
3959
3988
3960
3989
3961
3990
3962
3991
3963
3992
3964
3993
3965
3994
3966
3995
3967
3996
3968
3997
3969
3998
3970
3999
3971
4000
3972
4001
3973
4002
3974
4003
3975
4004
3976
4005
3977
4006
3978
4007
3979
4008
4009
5650
3981
4010
3982
4011
3983
4012
3984
4013
3985
4014
3986
4015
3987
4016
3988
4017
3989
4018
3990
4019
3991
4020
3992
4021
3993
4022
3994
4023
3995
4024
3996
4025
3997
4026
3998
4027
3999
4028
4000
4029
4001
4030
4002
4031
4003
4032
4004
4033
4005
4034
4006
4035
4007
4036
4008
4037
4009
4038
4039
5660
4011
4040
4012
4041
4013
4042
4014
4043
4015
4044
4016
4045
4017
4046
4018
4047
4019
4048
4020
4049
4021
4050
4022
4051
4023
4052
4024
4053
4025
4054
4026
4055
4027
4056
4028
4057
4029
4058
4030
4059
4031
4060
4032
4061
4033
4062
4034
4063
4035
4064
4036
4065
4037
4066
4038
4067
4039
4068
4069
5670
4041
4070
4042
4071
4043
4072
4044
4073
4045
4074
4046
4075
4047
4076
4048
4077
4049
4078
4050
4079
4051
4080
4052
4081
4053
4082
4054
4083
4055
4084
4056
4085
4057
4086
4058
4087
4059
4088
4060
4089
4061
4090
4062
4091
4063
4092
4064
4093
4065
4094
4066
4095
4067
4096
4068
4097
4069
4098
4099
5680
4071
4100
4072
4101
4073
4102
4074
4103
4075
4104
4076
4105
4077
4106
4078
4107
4079
4108
4080
4109
4081
4110
4082
4111
4083
4112
4084
4113
4085
4114
4086
4115
4087
4116
4088
4117
4089
4118
4090
4119
4091
4120
4092
4121
4093
4122
4094
4123
4095
4124
4096
4125
4097
4126
4098
4127
4099
4128
4129
5690
4101
4130
4102
4131
4103
4132
4104
4133
4105
4134
4106
4135
4107
4136
4108
4137
4109
4138
4110
4139
4111
4140
4112
4141
4113
4142
4114
4143
4115
4144
4116
4145
4117
4146
4118
4147
4119
4148
4120
4149
4121
4150
4122
4151
4123
4152
4124
4153
4125
4154
4126
4155
4127
4156
4128
4157
4129
4158
4159
5700
4131
4160
4132
4161
4133
4162
4134
4163
4135
4164
4136
4165
4137
4166
4138
4167
4139
4168
4140
4169
4141
4170
4142
4171
4143
4172
4144
4173
4145
4174
4146
4175
4147
4176
4148
4177
4149
4178
4150
4179
4151
4180
4152
4181
4153
4182
4154
4183
4155
4184
4156
4185
4157
4186
4158
4187
4159
4188
4189
5710
4161
4190
4162
4191
4163
4192
4164
4193
4165
4194
4166
4195
4167
4196
4168
4197
4169
4198
4170
4199
4171
4200
4172
4201
4173
4202
4174
4203
4175
4204
4176
4205
4177
4206
4178
4207
4179
4208
4180
4209
4181
4210
4182
4211
4183
4212
4184
4213
4185
4214
4186
4215
4187
4216
4188
4217
4189
4218
4219
5720
4191
4220
4192
4221
4193
4222
4194
4223
4195
4224
4196
4225
4197
4226
4198
4227
4199
4228
4200
4229
4201
4230
4202
4231
4203
4232
4204
4233
4205
4234
4206
4235
4207
4236
4208
4237
4209
4238
4210
4239
4211
4240
4212
4241
4213
4242
4214
4243
4215
4244
4216
4245
4217
4246
4218
4247
4219
4248
4249
5730
4221
4250
4222
4251
4223
4252
4224
4253
4225
4254
4226
4255
4227
4256
4228
4257
4229
4258
4230
4259
4231
4260
4232
4261
4233
4262
4234
4263
4235
4264
4236
4265
4237
4266
4238
4267
4239
4268
4240
4269
4241
4270
4242
4271
4243
4272
4244
4273
4245
4274
4246
4275
4247
4276
4248
4277
4249
4278
4279
5740
4251
4280
4252
4281
4253
4282
4254
4283
4255
4284
4256
4285
4257
4286
4258
4287
4259
4288
4260
4289
4261
4290
4262
4291
4263
4292
4264
4293
4265
4294
4266
4295
4267
4296
4268
4297
4269
4298
4270
4299
4271
4300
4272
4301
4273
4302
4274
4303
4275
4304
4276
4305
4277
4306
4278
4307
4279
4308
4309
5750
4281
4310
4282
4311
4283
4312
4284
4313
4285
4314
4286
4315
4287
4316
4288
4317
4289
4318
4290
4319
4291
4320
4292
4321
4293
4322
4294
4323
4295
4324
4296
4325
4297
4326
4298
4327
4299
4328
4300
4329
4301
4330
4302
4331
4303
4332
4304
4333
4305
4334
4306
4335
4307
4336
4308
4337
4309
4338
4339
5760
4311
4340
4312
4341
4313
4342
4314
4343
4315
4344
4316
4345
4317
4346
4318
4347
4319
4348
4320
4349
4321
4350
4322
4351
4323
4352
4324
4353
4325
4354
4326
4355
4327
4356
4328
4357
4329
4358
4330
4359
4331
4360
4332
4361
4333
4362
4334
4363
4335
4364
4336
4365
4337
4366
4338
4367
4339
4368
4369
5770
4341
4370
4342
4371
4343
4372
4344
4373
4345
4374
4346
4375
4347
4376
4348
4377
4349
4378
4350
4379
4351
4380
4352
4381
4353
4382
4354
4383
4355
4384
4356
4385
4357
4386
4358
4387
4359
4388
4360
4389
4361
4390
4362
4391
4363
4392
4364
4393
4365
4394
4366
4395
4367
4396
4368
4397
4369
4398
4399
5780
4371
4400
4372
4401
4373
4402
4374
4403
4375
4404
4376
4405
4377
4406
4378
4407
4379
4408
4380
4409
4381
4410
4382
4411
4383
4412
4384
4413
4385
4414
4386
4415
4387
4416
4388
4417
4389
4418
4390
4419
4391
4420
4392
4421
4393
4422
4394
4423
4395
4424
4396
4425
4397
4426
4398
4427
4399
4428
4429
5790
4401
4430
4402
4431
4403
4432
4404
4433
4405
4434
4406
4435
4407
4436
4408
4437
4409
4438
4410
4439
4411
4440
4412
4441
4413
4442
4414
4443
4415
4444
4416
4445
4417
4446
4418
4447
4419
4448
4420
4449
4421
4450
4422
4451
4423
4452
4424
4453
4425
4454
4426
4455
4427
4456
4428
4457
4429
4458
4459
5800
4431
4460
4432
4461
4433
4462
4434
4463
4435
4464
4436
4465
4437
4466
4438
4467
4439
4468
4440
4469
4441
4470
4442
4471
4443
4472
4444
4473
4445
4474
4446
4475
4447
4476
4448
4477
4449
4478
4450
4479
4451
4480
4452
4481
4453
4482
4454
4483
4455
4484
4456
4485
4457
4486
4458
4487
4459
4488
4489
5810
4461
4490
4462
4491
4463
4492
4464
4493
4465
4494
4466
4495
4467
4496
4468
4497
4469
4498
4470
4499
4471
4500
4472
4501
4473
4502
4474
4503
4475
4504
4476
4505
4477
4506
4478
4507
4479
4508
4480
4509
4481
4510
4482
4511
4483
4512
4484
4513
4485
4514
4486
4515
4487
4516
4488
4517
4489
4518
4519
5820
4491
4520
4492
4521
4493
4522
4494
4523
4495
4524
4496
4525
4497
4526
4498
4527
4499
4528
4500
4529
4501
4530
4502
4531
4503
4532
4504
4533
4505
4534
4506
4535
4507
4536
4508
4537
4509
4538
4510
4539
4511
4540
4512
4541
4513
4542
4514
4543
4515
4544
4516
4545
4517
4546
4518
4547
4519
4548
4549
5830
4521
4550
4522
4551
4523
4552
4524
4553
4525
4554
4526
4555
4527
4556
4528
4557
4529
4558
4530
4559
4531
4560
4532
4561
4533
4562
4534
4563
4535
4564
4536
4565
4537
4566
4538
4567
4539
4568
4540
4569
4541
4570
4542
4571
4543
4572
4544
4573
4545
4574
4546
4575
4547
4576
4548
4577
4549
4578
4579
5840
4551
4580
4552
4581
4553
4582
4554
4583
4555
4584
4556
4585
4557
4586
4558
4587
4559
4588
4560
4589
4561
4590
4562
4591
4563
4592
4564
4593
4565
4594
4566
4595
4567
4596
4568
4597
4569
4598
4570
4599
4571
4600
4572
4601
4573
4602
4574
4603
4575
4604
4576
4605
4577
4606
4578
4607
4579
4608
4609
5850
4581
4610
4582
4611
4583
4612
4584
4613
4585
4614
4586
4615
4587
4616
4588
4617
4589
4618
4590
4619
4591
4620
4592
4621
4593
4622
4594
4623
4595
4624
4596
4625
4597
4626
4598
4627
4599
4628
4600
4629
4601
4630
4602
4631
4603
4632
4604
4633
4605
4634
4606
4635
4607
4636
4608
4637
4609
4638
4639
5860
4611
4640
4612
4641
4613
4642
4614
4643
4615
4644
4616
4645
4617
4646
4618
4647
4619
4648
4620
4649
4621
4650
4622
4651
4623
4652
4624
4653
4625
4654
4626
4655
4627
4656
4628
4657
4629
4658
4630
4659
4631
4660
4632
4661
4633
4662
4634
4663
4635
4664
4636
4665
4637
4666
4638
4667
4639
4668
4669
5870
4641
4670
4642
4671
4643
4672
4644
4673
4645
4674
4646
4675
4647
4676
4648
4677
4649
4678
4650
4679
4651
4680
4652
4681
4653
4682
4654
4683
4655
4684
4656
4685
4657
4686
4658
4687
4659
4688
4660
4689
4661
4690
4662
4691
4663
4692
4664
4693
4665
4694
4666
4695
4667
4696
4668
4697
4669
4698
4699
5880
4671
4700
4672
4701
4673
4702
4674
4703
4675
4704
4676
4705
4677
4706
4678
4707
4679
4708
4680
4709
4681
4710
4682
4711
4683
4712
4684
4713
4685
4714
4686
4715
4687
4716
4688
4717
4689
4718
4690
4719
4691
4720
4692
4721
4693
4722
4694
4723
4695
4724
4696
4725
4697
4726
4698
4727
4699
4728
4729
5890
4701
4730
4702
4731
4703
4732
4704
4733
4705
4734
4706
4735
4707
4736
4708
4737
4709
4738
4710
4739
4711
4740
4712
4741
4713
4742
4714
4743
4715
4744
4716
4745
4717
4746
4718
4747
4719
4748
4720
4749
4721
4750
4722
4751
4723
4752
4724
4753
4725
4754
4726
4755
4727
4756
4728
4757
4729
4758
4759
5900
4731
4760
4732
4761
4733
4762
4734
4763
4735
4764
4736
4765
4737
4766
4738
4767
4739
4768
4740
4769
4741
4770
4742
4771
4743
4772
4744
4773
4745
4774
4746
4775
4747
4776
4748
4777
4749
4778
4750
4779
4751
4780
4752
4781
4753
4782
4754
4783
4755
4784
4756
4785
4757
4786
4758
4787
4759
4788
4789
5910
4761
4790
4762
4791
4763
4792
4764
4793
4765
4794
4766
4795
4767
4796
4768
4797
4769
4798
4770
4799
4771
4800
4772
4801
4773
4802
4774
4803
4775
4804
4776
4805
4777
4806
4778
4807
4779
4808
4780
4809
4781
4810
4782
4811
4783
4812
4784
4813
4785
4814
4786
4815
4787
4816
4788
4817
4789
4818
4819
5920
4791
4820
4792
4821
4793
4822
4794
4823
4795
4824
4796
4825
4797
4826
4798
4827
4799
4828
4800
4829
4801
4830
4802
4831
4803
4832
4804
4833
4805
4834
4806
4835
4807
4836
4808
4837
4809
4838
4810
4839
4811
4840
4812
4841
4813
4842
4814
4843
4815
4844
4816
4845
4817
4846
4818
4847
4819
4848
4849
5930
4821
4850
4822
4851
4823
4852
4824
4853
4825
4854
4826
4855
4827
4856
4828
4857
4829
4858
4830
4859
4831
4860
4832
4861
4833
4862
4834
4863
4835
4864
4836
4865
4837
4866
4838
4867
4839
4868
4840
4869
4841
4870
4842
4871
4843
4872
4844
4873
4845
4874
4846
4875
4847
4876
4848
4877
4849
4878
4879
5940
4851
4880
4852
4881
4853
4882
4854
4883
4855
4884
4856
4885
4857
4886
4858
4887
4859
4888
4860
4889
4861
4890
4862
4891
4863
4892
4864
4893
4865
4894
4866
4895
4867
4896
4868
4897
4869
4898
4870
4899
4871
4900
4872
4901
4873
4902
4874
4903
4875
4904
4876
4905
4877
4906
4878
4907
4879
4908
4909
5950
4881
4910
4882
4911
4883
4912
4884
4913
4885
4914
4886
4915
4887
4916
4888
4917
4889
4918
4890
4919
4891
4920
4892
4921
4893
4922
4894
4923
4895
4924
4896
4925
4897
4926
4898
4927
4899
4928
4900
4929
4901
4930
4902
4931
4903
4932
4904
4933
4905
4934
4906
4935
4907
4936
4908
4937
4909
4938
4939
5960
4911
4940
4912
4941
4913
4942
4914
4943
4915
4944
4916
4945
4917
4946
4918
4947
4919
4948
4920
4949
4921
4950
4922
4951
4923
4952
4924
4953
4925
4954
4926
4955
4927
4956
4928
4957
4929
4958
4930
4959
4931
4960
4932
4961
4933
4962
4934
4963
4935
4964
4936
4965
4937
4966
4938
4967
4939
4968
4969
5970
4941
4970
4942
4971
4943
4972
4944
4973
4945
4974
4946
4975
4947
4976
4948
4977
4949
4978
4950
4979
4951
4980
4952
4981
4953
4982
4954
4983
4955
4984
4956
4985
4957
4986
4958
4987
4959
4988
4960
4989
4961
4990
4962
4991
4963
4992
4964
4993
4965
4994
4966
4995
4967
4996
4968
4997
4969
4998
4999
5980
4971
4972
4973
4974
4975
4976
4977
4978
4979
4980
4981
4982
4983
4984
4985
4986
4987
4988
4989
4990
4991
4992
4993
4994
4995
4996
4997
4998
4999
5990
5001
5010
5002
5011
5003
5012
5004
5013
5005
5014
5006
5015
5007
5016
5008
5017
5009
5018
5019
6000
5011
5020
5012
5021
5013
5022
5014
5023
5015
5024
5016
5025
5017
5026
5018
5027
5019
5028
5029
6010
5021
5030
5022
5031
5023
5032
5024
5033
5025
5034
5026
5035
5027
5036
5028
5037
5029
5038
5039
6020
5031
5040
5032
5041
5033
5042
5034
5043
5035
5044
5036
5045
5037
5046
5038
5047
5039
5048
5049
6030
5041
5050
5042
5051
5043
5052
5044
5053
5045
5054
5046
5055
5047
5056
5048
5057
5049
5058
5059
6040
5051
5060
5052
5061
5053
5062
5054
5063
5055
5064
5056
5065
5057
5066
5058
5067
5059
5068
5069
6050
5061
5070
5062
5071
5063
5072
5064
5073
5065
5074
5066
5075
5067
5076
5068
5077
5069
5078
5079
6060
5071
5080
5072
5081
5073
5082
5074
5083
5075
5084
5076
5085
5077
5086
5078
5087
5079
5088
5089
6070
5081
5090
5082
5091
5083
5092
5084
5093
5085
5094
5086
5095
5087
5096
5088
5097
5089
5098
5099
6080
5091
5100
5092
5101
5093
5102
5094
5103
5095
5104
5096
5105
5097
5106
5098
5107
5099
5108
5109
6090
5101
5110
5102
5111
5103
5112
5104
5113
5105
5114
5106
5115
5107
5116
5108
5117
5109
5118
5119
6100
5111
5120
5112
5121
5113
5122
5114
5123
5115
5124
5116
5125
5117
5126
5118
5127
5119
5128
5129
6110
5121
5130
5122
5131
5123
5132
5124
5133
5125
5134
5126
5135
5127
5136
5128
5137
5129
5138
5139
6120
5131
5140
5132
5141
5133
5142
5134
5143
5135
5144
5136
5145
5137
5146
5138
5147
5139
5148
5149
6130
5141
5150
5142
5151
5143
5152
5144
5153
5145
5154
5146
5155
5147
5156
5148
5157
5149
5158
5159
6140
5151
5160
5152
5161
5153
5162
5154
5163
5155
5164
5156
5165
5157
5166
5158
5167
5159
5168
5169
6150
5161
5170
5162
5171
5163
5172
5164
5173
5165
5174
5166
5175
5167
5176
5168
5177
5169
5178
5179
6160
5171
5180
5172
5181
5173
5182
5174
5183
5175
5184
5176
5185
5177
5186
5178
5187
5179
5188
5189
6170
5181
5190
5182
5191
5183
5192
5184
5193
5185
5194
5186
5195
5187
5196
5188
5197
5189
5198
5199
6180
5191
5200
5192
5201
5193
5202
5194
5203
5195
5204
5196
5205
5197
5206
5198
5207
5199
5208
5209
6190
5201
5210
5202
5211
5203
5212
5204
5213
5205
5214
5206
5215
5207
5216
5208
5217
5209
5218
5219
6200
5211
5220
5212
5221
5213
5222
5214
5223
5215
5224
5216
5225
5217
5226
5218
5227
5219
5228
5229
6210
5221
5230
5222
5231
5223
5232
5224
5233
5225
5234
5226
5235
5227
5236
5228
5237
5229
5238
5239
6220
5231
5240
5232
5241
5233
5242
5234
5243
5235
5244
5236
5245
5237
5246
5238
5247
5239
5248
5249
6230
5241
5250
5242
5251
5243
5252
5244
5253
5245
5254
5246
5255
5247
5256
5248
5257
5249
5258
5259
6240
5251
5260
5252
5261
5253
5262
5254
5263
5255
5264
5256
5265
5257
5266
5258
5267
5259
5268
5269
6250
5261
5270
5262
5271
5263
5272
5264
5273
5265
5274
5266
5275
5267
5276
5268
5277
5269
5278
5279
6260
5271
5280
5272
5281
5273
5282
5274
5283
5275
5284
5276
5285
5277
5286
5278
5287
5279
5288
5289
6270
5281
5290
5282
5291
5283
5292
5284
5293
5285
5294
5286
5295
5287
5296
5288
5297
5289
5298
5299
6280
5291
5300
5292
5301
5293
5302
5294
5303
5295
5304
5296
5305
5297
5306
5298
5307
5299
5308
5309
6290
5301
5310
5302
5311
5303
5312
5304
5313
5305
5314
5306
5315
5307
5316
5308
5317
5309
5318
5319
6300
5311
5320
5312
5321
5313
5322
5314
5323
5315
5324
5316
5325
5317
5326
5318
5327
5319
5328
5329
6310
5321
5330
5322
5331
5323
5332
5324
5333
5325
5334
5326
5335
5327
5336
5328
5337
5329
5338
5339
6320
5331
5340
5332
5341
5333
5342
5334
5343
5335
5344
5336
5345
5337
5346
5338
5347
5339
5348
5349
6330
5341
5350
5342
5351
5343
5352
5344
5353
5345
5354
5346
5355
5347
5356
5348
5357
5349
5358
5359
6340
5351
5360
5352
5361
5353
5362
5354
5363
5355
5364
5356
5365
5357
5366
5358
5367
5359
5368
5369
6350
5361
5370
5362
5371
5363
5372
5364
5373
5365
5374
5366
5375
5367
5376
5368
5377
5369
5378
5379
6360
5371
5380
5372
5381
5373
5382
5374
5383
5375
5384
5376
5385
5377
5386
5378
5387
5379
5388
5389
6370
5381
5390
5382
5391
5383
5392
5384
5393
5385
5394
5386
5395
5387
5396
5388
5397
5389
5398
5399
6380
5391
5400
5392
5401
5393
5402
5394
5403
5395
5404
5396
5405
5397
5406
5398
5407
5399
5408
5409
6390
5401
5410
5402
5411
5403
5412
5404
5413
5405
5414
5406
5415
5407
5416
5408
5417
5409
5418
5419
6400
5411
5420
5412
5421
5413
5422
5414
5423
5415
5424
5416
5425
5417
5426
5418
5427
5419
5428
5429
6410
5421
5430
5422
5431
5423
5432
5424
5433
5425
5434
5426
5435
5427
5436
5428
5437
5429
5438
5439
6420
5431
5440
5432
5441
5433
5442
5434
5443
5435
5444
5436
5445
5437
5446
5438
5447
5439
5448
5449
6430
5441
5450
5442
5451
5443
5452
5444
5453
5445
5454
5446
5455
5447
5456
5448
5457
5449
5458
5459
6440
5451
5460
5452
5461
5453
5462
5454
5463
5455
5464
5456
5465
5457
5466
5458
5467
5459
5468
5469
6450
5461
5470
5462
5471
5463
5472
5464
5473
5465
5474
5466
5475
5467
5476
5468
5477
5469
5478
5479
6460
5471
5480
5472
5481
5473
5482
5474
5483
5475
5484
5476
5485
5477
5486
5478
5487
5479
5488
5489
6470
5481
5490
5482
5491
5483
5492
5484
5493
5485
5494
5486
5495
5487
5496
5488
5497
5489
5498
5499
6480
5491
5500
5492
5501
5493
5502
5494
5503
5495
5504
5496
5505
5497
5506
5498
5507
5499
5508
5509
6490
5501
5510
5502
5511
5503
5512
5504
5513
5505
5514
5506
5515
5507
5516
5508
5517
5509
5518
5519
6500
5511
5520
5512
5521
5513
5522
5514
5523
5515
5524
5516
5525
5517
5526
5518
5527
5519
5528
5529
6510
5521
5530
5522
5531
5523
5532
5524
5533
5525
5534
5526
5535
5527
5536
5528
5537
5529
5538
5539
6520
5531
5540
5532
5541
5533
5542
5534
5543
5535
5544
5536
5545
5537
5546
5538
5547
5539
5548
5549
6530
5541
5550
5542
5551
5543
5552
5544
5553
5545
5554
5546
5555
5547
5556
5548
5557
5549
5558
5559
6540
5551
5560
5552
5561
5553
5562
5554
5563
5555
5564
5556
5565
5557
5566
5558
5567
5559
5568
5569
6550
5561
5570
5562
5571
5563
5572
5564
5573
5565
5574
5566
5575
5567
5576
5568
5577
5569
5578
5579
6560
5571
5580
5572
5581
5573
5582
5574
5583
5575
5584
5576
5585
5577
5586
5578
5587
5579
5588
5589
6570
5581
5590
5582
5591
5583
5592
5584
5593
5585
5594
5586
5595
5587
5596
5588
5597
5589
5598
5599
6580
5591
5600
5592
5601
5593
5602
5594
5603
5595
5604
5596
5605
5597
5606
5598
5607
5599
5608
5609
6590
5601
5610
5602
5611
5603
5612
5604
5613
5605
5614
5606
5615
5607
5616
5608
5617
5609
5618
5619
6600
5611
5620
5612
5621
5613
5622
5614
5623
5615
5624
5616
5625
5617
5626
5618
5627
5619
5628
5629
6610
5621
5630
5622
5631
5623
5632
5624
5633
5625
5634
5626
5635
5627
5636
5628
5637
5629
5638
5639
6620
5631
5640
5632
5641
5633
5642
5634
5643
5635
5644
5636
5645
5637
5646
5638
5647
5639
5648
5649
6630
5641
5650
5642
5651
5643
5652
5644
5653
5645
5654
5646
5655
5647
5656
5648
5657
5649
5658
5659
6640
5651
5660
5652
5661
5653
5662
5654
5663
5655
5664
5656
5665
5657
5666
5658
5667
5659
5668
5669
6650
5661
5670
5662
5671
5663
5672
5664
5673
5665
5674
5666
5675
5667
5676
5668
5677
5669
5678
5679
6660
5671
5680
5672
5681
5673
5682
5674
5683
5675
5684
5676
5685
5677
5686
5678
5687
5679
5688
5689
6670
5681
5690
5682
5691
5683
5692
5684
5693
5685
5694
5686
5695
5687
5696
5688
5697
5689
5698
5699
6680
5691
5700
5692
5701
5693
5702
5694
5703
5695
5704
5696
5705
5697
5706
5698
5707
5699
5708
5709
6690
5701
5710
5702
5711
5703
5712
5704
5713
5705
5714
5706
5715
5707
5716
5708
5717
5709
5718
5719
6700
5711
5720
5712
5721
5713
5722
5714
5723
5715
5724
5716
5725
5717
5726
5718
5727
5719
5728
5729
6710
5721
5730
5722
5731
5723
5732
5724
5733
5725
5734
5726
5735
5727
5736
5728
5737
5729
5738
5739
6720
5731
5740
5732
5741
5733
5742
5734
5743
5735
5744
5736
5745
5737
5746
5738
5747
5739
5748
5749
6730
5741
5750
5742
5751
5743
5752
5744
5753
5745
5754
5746
5755
5747
5756
5748
5757
5749
5758
5759
6740
5751
5760
5752
5761
5753
5762
5754
5763
5755
5764
5756
5765
5757
5766
5758
5767
5759
5768
5769
6750
5761
5770
5762
5771
5763
5772
5764
5773
5765
5774
5766
5775
5767
5776
5768
5777
5769
5778
5779
6760
5771
5780
5772
5781
5773
5782
5774
5783
5775
5784
5776
5785
5777
5786
5778
5787
5779
5788
5789
6770
5781
5790
5782
5791
5783
5792
5784
5793
5785
5794
5786
5795
5787
5796
5788
5797
5789
5798
5799
6780
5791
5800
5792
5801
5793
5802
5794
5803
5795
5804
5796
5805
5797
5806
5798
5807
5799
5808
5809
6790
5801
5810
5802
5811
5803
5812
5804
5813
5805
5814
5806
5815
5807
5816
5808
5817
5809
5818
5819
6800
5811
5820
5812
5821
5813
5822
5814
5823
5815
5824
5816
5825
5817
5826
5818
5827
5819
5828
5829
6810
5821
5830
5822
5831
5823
5832
5824
5833
5825
5834
5826
5835
5827
5836
5828
5837
5829
5838
5839
6820
5831
5840
5832
5841
5833
5842
5834
5843
5835
5844
5836
5845
5837
5846
5838
5847
5839
5848
5849
6830
5841
5850
5842
5851
5843
5852
5844
5853
5845
5854
5846
5855
5847
5856
5848
5857
5849
5858
5859
6840
5851
5860
5852
5861
5853
5862
5854
5863
5855
5864
5856
5865
5857
5866
5858
5867
5859
5868
5869
6850
5861
5870
5862
5871
5863
5872
5864
5873
5865
5874
5866
5875
5867
5876
5868
5877
5869
5878
5879
6860
5871
5880
5872
5881
5873
5882
5874
5883
5875
5884
5876
5885
5877
5886
5878
5887
5879
5888
5889
6870
5881
5890
5882
5891
5883
5892
5884
5893
5885
5894
5886
5895
5887
5896
5888
5897
5889
5898
5899
6880
5891
5900
5892
5901
5893
5902
5894
5903
5895
5904
5896
5905
5897
5906
5898
5907
5899
5908
5909
6890
5901
5910
5902
5911
5903
5912
5904
5913
5905
5914
5906
5915
5907
5916
5908
5917
5909
5918
5919
6900
5911
5920
5912
5921
5913
5922
5914
5923
5915
5924
5916
5925
5917
5926
5918
5927
5919
5928
5929
6910
5921
5930
5922
5931
5923
5932
5924
5933
5925
5934
5926
5935
5927
5936
5928
5937
5929
5938
5939
6920
5931
5940
5932
5941
5933
5942
5934
5943
5935
5944
5936
5945
5937
5946
5938
5947
5939
5948
5949
6930
5941
5950
5942
5951
5943
5952
5944
5953
5945
5954
5946
5955
5947
5956
5948
5957
5949
5958
5959
6940
5951
5960
5952
5961
5953
5962
5954
5963
5955
5964
5956
5965
5957
5966
5958
5967
5959
5968
5969
6950
5961
5970
5962
5971
5963
5972
5964
5973
5965
5974
5966
5975
5967
5976
5968
5977
5969
5978
5979
6960
5971
5980
5972
5981
5973
5982
5974
5983
5975
5984
5976
5985
5977
5986
5978
5987
5979
5988
5989
6970
5981
5990
5982
5991
5983
5992
5984
5993
5985
5994
5986
5995
5987
5996
5988
5997
5989
5998
5999
6980
5991
5992
5993
5994
5995
5996
5997
5998
5999
6990
6001
6010
6002
6011
6003
6012
6004
6013
6005
6014
6006
6015
6007
6016
6008
6017
6009
6018
6019
6011
6020
6012
6021
6013
6022
6014
6023
6015
6024
6016
6025
6017
6026
6018
6027
6019
6028
6029
6021
6030
6022
6031
6023
6032
6024
6033
6025
6034
6026
6035
6027
6036
6028
6037
6029
6038
6039
6031
6040
6032
6041
6033
6042
6034
6043
6035
6044
6036
6045
6037
6046
6038
6047
6039
6048
6049
6041
6050
6042
6051
6043
6052
6044
6053
6045
6054
6046
6055
6047
6056
6048
6057
6049
6058
6059
6051
6060
6052
6061
6053
6062
6054
6063
6055
6064
6056
6065
6057
6066
6058
6067
6059
6068
6069
6061
6070
6062
6071
6063
6072
6064
6073
6065
6074
6066
6075
6067
6076
6068
6077
6069
6078
6079
6071
6080
6072
6081
6073
6082
6074
6083
6075
6084
6076
6085
6077
6086
6078
6087
6079
6088
6089
6081
6090
6082
6091
6083
6092
6084
6093
6085
6094
6086
6095
6087
6096
6088
6097
6089
6098
6099
6091
6100
6092
6101
6093
6102
6094
6103
6095
6104
6096
6105
6097
6106
6098
6107
6099
6108
6109
6101
6110
6102
6111
6103
6112
6104
6113
6105
6114
6106
6115
6107
6116
6108
6117
6109
6118
6119
6111
6120
6112
6121
6113
6122
6114
6123
6115
6124
6116
6125
6117
6126
6118
6127
6119
6128
6129
6121
6130
6122
6131
6123
6132
6124
6133
6125
6134
6126
6135
6127
6136
6128
6137
6129
6138
6139
6131
6140
6132
6141
6133
6142
6134
6143
6135
6144
6136
6145
6137
6146
6138
6147
6139
6148
6149
6141
6150
6142
6151
6143
6152
6144
6153
6145
6154
6146
6155
6147
6156
6148
6157
6149
6158
6159
6151
6160
6152
6161
6153
6162
6154
6163
6155
6164
6156
6165
6157
6166
6158
6167
6159
6168
6169
6161
6170
6162
6171
6163
6172
6164
6173
6165
6174
6166
6175
6167
6176
6168
6177
6169
6178
6179
6171
6180
6172
6181
6173
6182
6174
6183
6175
6184
6176
6185
6177
6186
6178
6187
6179
6188
6189
6181
6190
6182
6191
6183
6192
6184
6193
6185
6194
6186
6195
6187
6196
6188
6197
6189
6198
6199
6191
6200
6192
6201
6193
6202
6194
6203
6195
6204
6196
6205
6197
6206
6198
6207
6199
6208
6209
6201
6210
6202
6211
6203
6212
6204
6213
6205
6214
6206
6215
6207
6216
6208
6217
6209
6218
6219
6211
6220
6212
6221
6213
6222
6214
6223
6215
6224
6216
6225
6217
6226
6218
6227
6219
6228
6229
6221
6230
6222
6231
6223
6232
6224
6233
6225
6234
6226
6235
6227
6236
6228
6237
6229
6238
6239
6231
6240
6232
6241
6233
6242
6234
6243
6235
6244
6236
6245
6237
6246
6238
6247
6239
6248
6249
6241
6250
6242
6251
6243
6252
6244
6253
6245
6254
6246
6255
6247
6256
6248
6257
6249
6258
6259
6251
6260
6252
6261
6253
6262
6254
6263
6255
6264
6256
6265
6257
6266
6258
6267
6259
6268
6269
6261
6270
6262
6271
6263
6272
6264
6273
6265
6274
6266
6275
6267
6276
6268
6277
6269
6278
6279
6271
6280
6272
6281
6273
6282
6274
6283
6275
6284
6276
6285
6277
6286
6278
6287
6279
6288
6289
6281
6290
6282
6291
6283
6292
6284
6293
6285
6294
6286
6295
6287
6296
6288
6297
6289
6298
6299
6291
6300
6292
6301
6293
6302
6294
6303
6295
6304
6296
6305
6297
6306
6298
6307
6299
6308
6309
6301
6310
6302
6311
6303
6312
6304
6313
6305
6314
6306
6315
6307
6316
6308
6317
6309
6318
6319
6311
6320
6312
6321
6313
6322
6314
6323
6315
6324
6316
6325
6317
6326
6318
6327
6319
6328
6329
6321
6330
6322
6331
6323
6332
6324
6333
6325
6334
6326
6335
6327
6336
6328
6337
6329
6338
6339
6331
6340
6332
6341
6333
6342
6334
6343
6335
6344
6336
6345
6337
6346
6338
6347
6339
6348
6349
6341
6350
6342
6351
6343
6352
6344
6353
6345
6354
6346
6355
6347
6356
6348
6357
6349
6358
6359
6351
6360
6352
6361
6353
6362
6354
6363
6355
6364
6356
6365
6357
6366
6358
6367
6359
6368
6369
6361
6370
6362
6371
6363
6372
6364
6373
6365
6374
6366
6375
6367
6376
6368
6377
6369
6378
6379
6371
6380
6372
6381
6373
6382
6374
6383
6375
6384
6376
6385
6377
6386
6378
6387
6379
6388
6389
6381
6390
6382
6391
6383
6392
6384
6393
6385
6394
6386
6395
6387
6396
6388
6397
6389
6398
6399
6391
6400
6392
6401
6393
6402
6394
6403
6395
6404
6396
6405
6397
6406
6398
6407
6399
6408
6409
6401
6410
6402
6411
6403
6412
6404
6413
6405
6414
6406
6415
6407
6416
6408
6417
6409
6418
6419
6411
6420
6412
6421
6413
6422
6414
6423
6415
6424
6416
6425
6417
6426
6418
6427
6419
6428
6429
6421
6430
6422
6431
6423
6432
6424
6433
6425
6434
6426
6435
6427
6436
6428
6437
6429
6438
6439
6431
6440
6432
6441
6433
6442
6434
6443
6435
6444
6436
6445
6437
6446
6438
6447
6439
6448
6449
6441
6450
6442
6451
6443
6452
6444
6453
6445
6454
6446
6455
6447
6456
6448
6457
6449
6458
6459
6451
6460
6452
6461
6453
6462
6454
6463
6455
6464
6456
6465
6457
6466
6458
6467
6459
6468
6469
6461
6470
6462
6471
6463
6472
6464
6473
6465
6474
6466
6475
6467
6476
6468
6477
6469
6478
6479
6471
6480
6472
6481
6473
6482
6474
6483
6475
6484
6476
6485
6477
6486
6478
6487
6479
6488
6489
6481
6490
6482
6491
6483
6492
6484
6493
6485
6494
6486
6495
6487
6496
6488
6497
6489
6498
6499
6491
6500
6492
6501
6493
6502
6494
6503
6495
6504
6496
6505
6497
6506
6498
6507
6499
6508
6509
6501
6510
6502
6511
6503
6512
6504
6513
6505
6514
6506
6515
6507
6516
6508
6517
6509
6518
6519
6511
6520
6512
6521
6513
6522
6514
6523
6515
6524
6516
6525
6517
6526
6518
6527
6519
6528
6529
6521
6530
6522
6531
6523
6532
6524
6533
6525
6534
6526
6535
6527
6536
6528
6537
6529
6538
6539
6531
6540
6532
6541
6533
6542
6534
6543
6535
6544
6536
6545
6537
6546
6538
6547
6539
6548
6549
6541
6550
6542
6551
6543
6552
6544
6553
6545
6554
6546
6555
6547
6556
6548
6557
6549
6558
6559
6551
6560
6552
6561
6553
6562
6554
6563
6555
6564
6556
6565
6557
6566
6558
6567
6559
6568
6569
6561
6570
6562
6571
6563
6572
6564
6573
6565
6574
6566
6575
6567
6576
6568
6577
6569
6578
6579
6571
6580
6572
6581
6573
6582
6574
6583
6575
6584
6576
6585
6577
6586
6578
6587
6579
6588
6589
6581
6590
6582
6591
6583
6592
6584
6593
6585
6594
6586
6595
6587
6596
6588
6597
6589
6598
6599
6591
6600
6592
6601
6593
6602
6594
6603
6595
6604
6596
6605
6597
6606
6598
6607
6599
6608
6609
6601
6610
6602
6611
6603
6612
6604
6613
6605
6614
6606
6615
6607
6616
6608
6617
6609
6618
6619
6611
6620
6612
6621
6613
6622
6614
6623
6615
6624
6616
6625
6617
6626
6618
6627
6619
6628
6629
6621
6630
6622
6631
6623
6632
6624
6633
6625
6634
6626
6635
6627
6636
6628
6637
6629
6638
6639
6631
6640
6632
6641
6633
6642
6634
6643
6635
6644
6636
6645
6637
6646
6638
6647
6639
6648
6649
6641
6650
6642
6651
6643
6652
6644
6653
6645
6654
6646
6655
6647
6656
6648
6657
6649
6658
6659
6651
6660
6652
6661
6653
6662
6654
6663
6655
6664
6656
6665
6657
6666
6658
6667
6659
6668
6669
6661
6670
6662
6671
6663
6672
6664
6673
6665
6674
6666
6675
6667
6676
6668
6677
6669
6678
6679
6671
6680
6672
6681
6673
6682
6674
6683
6675
6684
6676
6685
6677
6686
6678
6687
6679
6688
6689
6681
6690
6682
6691
6683
6692
6684
6693
6685
6694
6686
6695
6687
6696
6688
6697
6689
6698
6699
6691
6700
6692
6701
6693
6702
6694
6703
6695
6704
6696
6705
6697
6706
6698
6707
6699
6708
6709
6701
6710
6702
6711
6703
6712
6704
6713
6705
6714
6706
6715
6707
6716
6708
6717
6709
6718
6719
6711
6720
6712
6721
6713
6722
6714
6723
6715
6724
6716
6725
6717
6726
6718
6727
6719
6728
6729
6721
6730
6722
6731
6723
6732
6724
6733
6725
6734
6726
6735
6727
6736
6728
6737
6729
6738
6739
6731
6740
6732
6741
6733
6742
6734
6743
6735
6744
6736
6745
6737
6746
6738
6747
6739
6748
6749
6741
6750
6742
6751
6743
6752
6744
6753
6745
6754
6746
6755
6747
6756
6748
6757
6749
6758
6759
6751
6760
6752
6761
6753
6762
6754
6763
6755
6764
6756
6765
6757
6766
6758
6767
6759
6768
6769
6761
6770
6762
6771
6763
6772
6764
6773
6765
6774
6766
6775
6767
6776
6768
6777
6769
6778
6779
6771
6780
6772
6781
6773
6782
6774
6783
6775
6784
6776
6785
6777
6786
6778
6787
6779
6788
6789
6781
6790
6782
6791
6783
6792
6784
6793
6785
6794
6786
6795
6787
6796
6788
6797
6789
6798
6799
6791
6800
6792
6801
6793
6802
6794
6803
6795
6804
6796
6805
6797
6806
6798
6807
6799
6808
6809
6801
6810
6802
6811
6803
6812
6804
6813
6805
6814
6806
6815
6807
6816
6808
6817
6809
6818
6819
6811
6820
6812
6821
6813
6822
6814
6823
6815
6824
6816
6825
6817
6826
6818
6827
6819
6828
6829
6821
6830
6822
6831
6823
6832
6824
6833
6825
6834
6826
6835
6827
6836
6828
6837
6829
6838
6839
6831
6840
6832
6841
6833
6842
6834
6843
6835
6844
6836
6845
6837
6846
6838
6847
6839
6848
6849
6841
6850
6842
6851
6843
6852
6844
6853
6845
6854
6846
6855
6847
6856
6848
6857
6849
6858
6859
6851
6860
6852
6861
6853
6862
6854
6863
6855
6864
6856
6865
6857
6866
6858
6867
6859
6868
6869
6861
6870
6862
6871
6863
6872
6864
6873
6865
6874
6866
6875
6867
6876
6868
6877
6869
6878
6879
6871
6880
6872
6881
6873
6882
6874
6883
6875
6884
6876
6885
6877
6886
6878
6887
6879
6888
6889
6881
6890
6882
6891
6883
6892
6884
6893
6885
6894
6886
6895
6887
6896
6888
6897
6889
6898
6899
6891
6900
6892
6901
6893
6902
6894
6903
6895
6904
6896
6905
6897
6906
6898
6907
6899
6908
6909
6901
6910
6902
6911
6903
6912
6904
6913
6905
6914
6906
6915
6907
6916
6908
6917
6909
6918
6919
6911
6920
6912
6921
6913
6922
6914
6923
6915
6924
6916
6925
6917
6926
6918
6927
6919
6928
6929
6921
6930
6922
6931
6923
6932
6924
6933
6925
6934
6926
6935
6927
6936
6928
6937
6929
6938
6939
6931
6940
6932
6941
6933
6942
6934
6943
6935
6944
6936
6945
6937
6946
6938
6947
6939
6948
6949
6941
6950
6942
6951
6943
6952
6944
6953
6945
6954
6946
6955
6947
6956
6948
6957
6949
6958
6959
6951
6960
6952
6961
6953
6962
6954
6963
6955
6964
6956
6965
6957
6966
6958
6967
6959
6968
6969
6961
6970
6962
6971
6963
6972
6964
6973
6965
6974
6966
6975
6967
6976
6968
6977
6969
6978
6979
6971
6980
6972
6981
6973
6982
6974
6983
6975
6984
6976
6985
6977
6986
6978
6987
6979
6988
6989
6981
6990
6982
6991
6983
6992
6984
6993
6985
6994
6986
6995
6987
6996
6988
6997
6989
6998
6999
6991
6992
6993
6994
6995
6996
6997
6998
6999
)


// ************************************************************************* //
